image: 0807.pgm
resolution: 0.030000
origin: [-10.320000, -7.440000, 0.000000]
negate: 0
occupied_thresh: 0.65
free_thresh: 0.196

