image: 08073.pgm
resolution: 0.030000
origin: [-7.980000, -12.900000, 0.000000]
negate: 0
occupied_thresh: 0.65
free_thresh: 0.196

