image: 08072.pgm
resolution: 0.030000
origin: [-19.468720, -13.050000, 0.000000]
negate: 0
occupied_thresh: 0.65
free_thresh: 0.196

