image: 08102.pgm
resolution: 0.030000
origin: [-21.535576, -13.290000, 0.000000]
negate: 0
occupied_thresh: 0.65
free_thresh: 0.196

