image: 08103.pgm
resolution: 0.030000
origin: [-12.681960, -14.250000, 0.000000]
negate: 0
occupied_thresh: 0.65
free_thresh: 0.196

