image: 0902.png
resolution: 0.030000
origin: [-3.553345, -6.578681, 0.000000]
negate: 0
occupied_thresh: 0.65
free_thresh: 0.196

