image: 0909_01.png
resolution: 0.030000
origin: [-14.700000, -5.490000, 0.000000]
negate: 0
occupied_thresh: 0.65
free_thresh: 0.196

