image: 0924.png
resolution: 0.030000
origin: [-0.900000, -12.601767, 0.000000]
negate: 0
occupied_thresh: 0.65
free_thresh: 0.196

